05 06 06 06 06 06 06 06 06 06 06 06 06 06 06 06 07
12 03 00 03 01 03 04 04 04 04 04 03 01 03 00 03 08
12 00 00 00 01 01 04 02 02 02 04 01 01 00 00 00 08
12 03 00 03 01 03 04 02 02 02 04 03 01 03 00 03 08
12 01 01 01 01 01 04 04 04 04 04 01 01 01 01 01 08 
12 03 01 01 03 01 03 01 03 01 03 01 03 01 01 03 08
12 01 01 03 01 01 01 01 01 01 01 01 00 03 01 01 08
12 03 00 01 03 01 03 03 03 03 03 01 03 01 00 03 08
12 00 00 03 01 04 01 01 01 01 01 04 01 03 00 00 08
12 01 03 01 03 01 03 01 03 01 03 01 03 01 03 01 08
12 01 01 04 01 01 01 01 01 01 01 01 01 04 01 01 08 
12 01 03 01 03 01 02 01 03 01 02 01 03 01 03 01 08
12 00 00 01 00 01 01 01 01 01 01 01 00 01 00 00 08
12 00 03 01 03 01 03 01 03 01 03 01 03 01 03 00 08
11 10 10 10 10 10 10 10 10 10 10 10 10 10 10 10 09